20140823,141412027.0,199377531.0
20140827,302194801.0,468164147.0
20140812,258493673.0,309754858.0
20140731,191728916.0,277194379.0
20140716,394890140.0,234775948.0
20140412,177642053.0,123295320.0
20140325,314345006.0,312710515.0
20140810,259534870.0,189909225.0
20140729,228093046.0,303480103.0
20140702,384555819.0,328950951.0
20140405,202336542.0,163199682.0
20140411,237829882.0,277077434.0
20140504,303087562.0,413222034.0
20140510,287240171.0,147248328.0
20140519,259077930.0,293791406.0
20140320,365011495.0,336076380.0
20140407,196936223.0,176966561.0
20140428,324937272.0,327724735.0
20140503,185094488.0,199568043.0
20140509,281479009.0,247743971.0
20140602,158219402.0,170409506.0
20140605,380042567.0,355645445.0
20140608,302171269.0,169525332.0
20140626,297628039.0,418742109.0
20140424,318358891.0,224536754.0
20140427,146837951.0,191915377.0
20140430,260091330.0,281835975.0
20140505,370924149.0,309330781.0
20140514,305474522.0,316225442.0
20140523,249546195.0,229000787.0
20140619,338609087.0,284956260.0
20140622,147180819.0,361285652.0
20140703,297894643.0,289009780.0
20140709,278005555.0,269642881.0
20140730,209917272.0,250117716.0
20140217,706118060.0,405809267.0
20131117,111786622.0,42358155.0
20131021,106030290.0,45781403.0
20131023,106093112.0,73788462.0
20131116,118085705.0,28996272.0
20131128,139760425.0,61453591.0
20131212,140360007.0,92090275.0
20131106,181474910.0,131707820.0
20131210,179471612.0,147147341.0
20140223,337053711.0,195214052.0
20140301,362865580.0,211279011.0
20140304,524146340.0,250562978.0
20140311,430500816.0,496039886.0
20140308,243274169.0,140323202.0
20140305,454295491.0,209072753.0
20140212,763009770.0,354585919.0
20140209,341911234.0,262954049.0
20140202,57912761.0,24395720.0
20140205,209043990.0,95407704.0
20140211,818803205.0,243058162.0
20140220,478925191.0,230855410.0
20140207,578818221.0,273482213.0
20140127,657199484.0,280645861.0
20140124,614103894.0,345829001.0
20140118,233200688.0,142869842.0
20131226,220287409.0,241852564.0
20131217,193980797.0,116537843.0
20140111,243403438.0,71530182.0
20140110,237797636.0,117259153.0
20140104,186085910.0,99869074.0
20131227,211118967.0,163522548.0
20131005,26364686.0,13966453.0
20130930,28398050.0,30181353.0
20130921,32406340.0,26596179.0
20130810,20615307.0,26614408.0
20130801,53369962.0,18864468.0
20130726,44721817.0,39192369.0
20130829,47518666.0,35944968.0
20130901,56239802.0,59339949.0
20130823,37878575.0,25680323.0
20130820,53675509.0,30131225.0
20130814,30541167.0,15031683.0
20130811,55519543.0,15372680.0
20130805,43632203.0,15797507.0
20130728,36255382.0,7683211.0
20130905,38716505.0,21800904.0
20130914,30975443.0,36312660.0
20130917,76204815.0,58260798.0
20131007,42797733.0,28894400.0
20130916,161656210.0,45184589.0
20130708,57258266.0,8347729.0
20130714,22615303.0,2784107.0
20130720,20439079.0,4601143.0
