20140811,331550471.0,418603336.0
20140814,257702660.0,211939431.0
20140830,199708772.0,196374134.0
20140824,130195484.0,191080151.0
20140815,244551620.0,236516007.0
20140710,283095921.0,326009240.0
20140704,211649838.0,264494550.0
20140409,383347565.0,289330278.0
20140406,129477254.0,139576683.0
20140403,363877120.0,266605457.0
20140717,253011280.0,298279385.0
20140630,334054112.0,456547794.0
20140321,282351818.0,259655286.0
20140402,355347118.0,272612066.0
20140429,330607104.0,307578349.0
20140501,193045106.0,143362755.0
20140525,166943526.0,231004758.0
20140609,366114374.0,287520152.0
20140621,177999186.0,231003775.0
20140404,251895894.0,200192637.0
20140416,387847838.0,255914640.0
20140512,325108597.0,293952908.0
20140521,297799722.0,250223726.0
20140611,327661453.0,246127540.0
20140614,181574530.0,229916191.0
20140620,251582530.0,286583065.0
20140511,182424063.0,152945581.0
20140601,183489775.0,149829253.0
20140607,187801995.0,146203577.0
20140610,354031597.0,298190025.0
20140616,387308484.0,492349489.0
20140718,208959595.0,208671287.0
20140721,378088594.0,434191479.0
20140724,277044480.0,347622431.0
20140727,151406251.0,166610652.0
20131120,166163002.0,86951218.0
20131114,167996058.0,52554150.0
20131111,147986439.0,227124951.0
20131012,81901136.0,31322983.0
20131014,130315300.0,40652625.0
20131026,55752506.0,49357211.0
20131029,102050144.0,43052468.0
20131110,164813471.0,85293644.0
20131122,128528687.0,82717921.0
20131203,268666856.0,101662045.0
20131211,239916977.0,110314592.0
20131208,124886903.0,76314292.0
20131202,345313258.0,128465086.0
20131130,116865492.0,119660311.0
20131124,102394991.0,85555947.0
20131016,100948091.0,51261982.0
20140307,380139779.0,291087220.0
20140310,497338076.0,308040624.0
20140224,656317045.0,473470156.0
20140222,282022706.0,134735118.0
20140303,505305862.0,513017360.0
20140312,377007897.0,416491268.0
20140315,287407002.0,242799048.0
20140318,435479117.0,410240726.0
20140218,593563145.0,271125324.0
20140203,84329848.0,46109194.0
20140201,64287172.0,61527060.0
20140114,356907128.0,159778389.0
20140119,185082022.0,117629351.0
20140128,843424742.0,248334316.0
20140130,227916211.0,105288105.0
20140115,391408718.0,177618247.0
20131229,161473347.0,55129989.0
20131219,233631357.0,164023344.0
20131225,380076148.0,172755480.0
20131228,192808006.0,61383220.0
20131231,265851934.0,134232530.0
20130925,47274168.0,74838162.0
20130831,47655303.0,22012016.0
20130826,74496541.0,20637986.0
20130731,54569637.0,9534040.0
20130806,50866184.0,16401387.0
20130902,140844739.0,17785524.0
20130920,28365762.0,15188254.0
20130923,54658160.0,58285879.0
20130904,33366708.0,27452600.0
20130702,29037390.0,2554548.0
20130707,8962232.0,3982735.0
