20140805,394780870.0,221706539.0
20140808,233903717.0,311648757.0
20140820,308378692.0,202452782.0
20140826,306945089.0,285478563.0
20140803,173825397.0,127125217.0
20140728,371762756.0,345986909.0
20140725,181641088.0,262874791.0
20140719,210318023.0,155464283.0
20140825,309574223.0,312413411.0
20140819,266401973.0,254929877.0
20140813,261506619.0,303975517.0
20140726,128268053.0,282653341.0
20140723,265461894.0,308353077.0
20140714,254797524.0,284753279.0
20140711,208671021.0,240050748.0
20140708,224240103.0,340453063.0
20140408,354770149.0,250015131.0
20140420,191259529.0,161057781.0
20140507,417327518.0,239372999.0
20140513,275241493.0,257918375.0
20140606,301413900.0,274862067.0
20140627,264282703.0,399444352.0
20140419,268729366.0,146374940.0
20140515,313367089.0,238307643.0
20140524,160073254.0,154409868.0
20140617,270350693.0,502560223.0
20140623,232227670.0,373779624.0
20140629,158801540.0,261170799.0
20140415,428681231.0,285293076.0
20140421,301134667.0,295635256.0
20140502,125336258.0,121222064.0
20140508,392838756.0,273187499.0
20140526,344890868.0,274707572.0
20140628,153826161.0,283400236.0
20140706,199569025.0,195530758.0
20140712,177644343.0,149081488.0
20140213,626698794.0,362757986.0
20131030,109663260.0,63908701.0
20131125,147143602.0,70113127.0
20131209,174652812.0,133355299.0
20131121,221166938.0,74733962.0
20131115,124270704.0,58210254.0
20131216,196489931.0,156157326.0
20140226,680801145.0,284819682.0
20140314,315897431.0,311575572.0
20140227,672909288.0,492786036.0
20140225,563505889.0,299155352.0
20140228,428721754.0,322030204.0
20140306,561787770.0,243149884.0
20140206,227860276.0,111635336.0
20140214,490710434.0,263261899.0
20130929,34433848.0,40295202.0
20140129,952479658.0,215164666.0
20140123,481450097.0,209024328.0
20140125,440854623.0,185524856.0
20140121,412854611.0,302825136.0
20131220,133867400.0,153678963.0
20140106,442494042.0,190917629.0
20131221,112000779.0,83151594.0
20140113,447207050.0,178923772.0
20131224,305406334.0,118607911.0
20130912,68573684.0,45147220.0
20130906,38923186.0,33417903.0
20130828,46602319.0,33696861.0
20130822,89130737.0,25000672.0
20130817,17670519.0,4674983.0
20130727,17194451.0,15058893.0
20130809,33425186.0,30131015.0
20130812,94520502.0,28586669.0
20130821,38184446.0,29983342.0
20130911,98944459.0,71674082.0
20131004,19907689.0,23412350.0
20130907,34076183.0,20344424.0
20130910,94684143.0,37128363.0
20130922,67514169.0,47962055.0
20130928,39995798.0,58105720.0
20131003,10101194.0,6223263.0
20130718,24234505.0,11765356.0
20130715,48128555.0,13107943.0
