20140809,160262764.0,163611708.0
20140806,288821016.0,282346594.0
20140328,225966355.0,405443946.0
20140322,191700135.0,138039412.0
20140831,275090213.0,292943033.0
20140822,246316056.0,179349206.0
20140816,215059736.0,219214339.0
20140807,247646474.0,253659514.0
20140801,374884735.0,252540858.0
20140705,169383796.0,272535138.0
20140324,313180334.0,437825259.0
20140414,309853269.0,415986984.0
20140417,355792647.0,265341592.0
20140516,231967423.0,282094916.0
20140528,276134813.0,415891684.0
20140531,146823669.0,142862063.0
20140603,270887462.0,385622582.0
20140615,166080126.0,116623756.0
20140618,335262709.0,421920230.0
20140323,167456369.0,186443311.0
20140329,160250985.0,155006056.0
20140422,285248757.0,268810141.0
20140425,220927432.0,227764292.0
20140506,318002728.0,341108696.0
20140527,299049555.0,321965845.0
20140530,226547701.0,312802179.0
20140701,384428753.0,374164541.0
20140604,274460744.0,303978838.0
20140625,264663201.0,547295931.0
20140802,189092130.0,172250225.0
20131108,231749471.0,92856307.0
20131105,180904814.0,82689864.0
20131102,62132300.0,26705506.0
20131024,69530830.0,58183921.0
20131101,150904945.0,66933119.0
20131107,167963464.0,83306452.0
20131206,152197159.0,82625571.0
20140215,255393179.0,121463693.0
20131127,134774128.0,86129498.0
20131103,68707870.0,30895754.0
20131028,129993375.0,55089464.0
20140216,331324628.0,183057224.0
20131207,138882605.0,71916047.0
20131126,258037702.0,65802983.0
20140316,269387391.0,390584547.0
20140317,339008082.0,440624592.0
20140204,83653646.0,44927333.0
20140309,244752519.0,206312503.0
20140221,353981687.0,178914448.0
20140131,87324175.0,48132389.0
20140208,358255468.0,183432237.0
20140210,647465140.0,431753411.0
20140126,528402520.0,331752519.0
20140120,335761027.0,442996084.0
20140117,345426853.0,127385210.0
20130721,21142394.0,2681331.0
20140122,498730606.0,292856188.0
20140112,228255344.0,141505812.0
20131218,180215804.0,202220872.0
20140108,264025160.0,213880074.0
20140107,589726496.0,137972793.0
20140101,330926565.0,77367755.0
20130824,44367268.0,14316598.0
20131008,109806912.0,77856096.0
20131002,11562708.0,7233874.0
20130918,42926608.0,47203221.0
20130819,109184209.0,28339260.0
20130816,41683536.0,33739844.0
20130807,43908081.0,29708706.0
20130804,45745254.0,8263965.0
20130723,58136147.0,24404051.0
20130730,47481243.0,13048582.0
20130803,21595789.0,20701797.0
20130827,45268028.0,60137633.0
20130908,38796909.0,14919122.0
20130926,68718693.0,48467529.0
20131001,19137499.0,12813267.0
20130919,24778048.0,11418512.0
20130717,29015682.0,10911513.0
20130711,44075197.0,3508800.0
20130712,34183904.0,8492573.0
20130706,36751272.0,1616635.0
20130701,32488348.0,5525022.0
20130716,50622847.0,11864981.0
20130722,40448896.0,19144267.0
