20140817,149978271.0,139564084.0
20140829,267554713.0,273756380.0
20140821,251763517.0,219963356.0
20140818,298499146.0,259169016.0
20140722,243084133.0,369043423.0
20140713,179759885.0,199459990.0
20140707,272182847.0,317612569.0
20140331,398884905.0,423852634.0
20140828,245082751.0,297893861.0
20140804,330640884.0,322907524.0
20140720,176449304.0,174462836.0
20140327,266231082.0,359071642.0
20140330,205533934.0,264714811.0
20140423,313677307.0,278470936.0
20140426,151625415.0,158122962.0
20140522,344636549.0,251108485.0
20140612,332365185.0,236467885.0
20140624,245450766.0,428471509.0
20140326,272935544.0,450254233.0
20140401,453320585.0,277429358.0
20140410,386567460.0,286914864.0
20140413,208172985.0,178934722.0
20140518,164419642.0,153440019.0
20140418,239300383.0,225952909.0
20140517,170983868.0,145854372.0
20140520,453955303.0,260040720.0
20140529,320549863.0,313827800.0
20140613,216923770.0,386799040.0
20140715,334810012.0,261722182.0
20131027,68007543.0,46520570.0
20131018,98151450.0,15938355.0
20131015,85704304.0,35099198.0
20131013,71149981.0,31850475.0
20131017,87203217.0,23274764.0
20131020,47766681.0,50884342.0
20131104,300027403.0,130970051.0
20131113,174554976.0,79121440.0
20131119,131365419.0,70308235.0
20131215,205882387.0,54757146.0
20131214,129045596.0,52234651.0
20131205,190825287.0,118256819.0
20131118,195766477.0,136916782.0
20131112,148469647.0,131263524.0
20131109,126467028.0,45885771.0
20131031,90926701.0,55607833.0
20131025,69936453.0,52225802.0
20131022,145611496.0,96172537.0
20131019,53148443.0,26684697.0
20131213,164672690.0,90778214.0
20131204,219456372.0,69981329.0
20131201,137889992.0,94632233.0
20131129,122536344.0,123982166.0
20131123,89109018.0,48882131.0
20140319,359014064.0,429298917.0
20140313,346286910.0,316973542.0
20140302,276202230.0,246199417.0
20140219,408367966.0,323990451.0
20140116,374947083.0,153167426.0
20140103,342074805.0,127714255.0
20131223,198747367.0,138478245.0
20140109,280698487.0,140391237.0
20131222,154543217.0,83998249.0
20140102,434956739.0,190155450.0
20140105,206030707.0,156781996.0
20131230,286358778.0,179826624.0
20131011,82674757.0,27666473.0
20130927,42166121.0,27639603.0
20130924,74250859.0,56680792.0
20130915,37059683.0,25020715.0
20130909,49312473.0,45621186.0
20130903,80507880.0,39328144.0
20130825,43306288.0,18117808.0
20130813,48720919.0,28790328.0
20130729,53512076.0,18599364.0
20131010,72094613.0,52244531.0
20130808,44493490.0,29551691.0
20130802,38064536.0,40150769.0
20130724,48422518.0,36258592.0
20130725,57433418.0,38212836.0
20130815,42421222.0,52659327.0
20130818,59703092.0,15218300.0
20130830,56488844.0,20630752.0
20130913,71655946.0,60512675.0
20131006,38730653.0,13464528.0
20131009,72422299.0,33999376.0
20130705,11648749.0,2763587.0
20130709,26798941.0,3473059.0
20130703,27270770.0,5953867.0
20130704,18321185.0,6410729.0
20130710,30696506.0,2597169.0
20130713,15164717.0,3482829.0
20130719,33680124.0,9244769.0
