20130701	3.2488348E7,3.2458786E7
20130702	2.903739E7,2.900751E7
20130703	2.727077E7,2.7234156E7
20130704	1.8321185E7,1.828223E7
20130705	1.1648749E7,1.1607991E7
20130706	3.6751272E7,3.670919E7
20130707	8962232.0,8920335.0
20130708	5.7258266E7,5.7218409E7
20130709	2.6798941E7,2.6755943E7
20130710	3.0696506E7,3.0644691E7
20130711	4.4075197E7,4.4021031E7
20130712	3.4183904E7,3.4126845E7
20130713	1.5164717E7,1.5103661E7
20130714	2.2615303E7,2.2554354E7
20130715	4.8128555E7,4.8069686E7
20130716	5.0622847E7,5.0559618E7
20130717	2.9015682E7,2.8946382E7
20130718	2.4234505E7,2.4160561E7
20130719	3.3680124E7,3.360319E7
20130720	2.0439079E7,2.0360981E7
20130721	2.1142394E7,2.1064648E7
20130722	4.0448896E7,4.0374049E7
20130723	5.8136147E7,5.8056583E7
20130724	4.8422518E7,4.8337561E7
20130725	5.7433418E7,5.7347209E7
20130726	4.4721817E7,4.4633279E7
20130727	1.7194451E7,1.71024E7
20130728	3.6255382E7,3.6164421E7
20130729	5.3512076E7,5.342336E7
20130730	4.7481243E7,4.7387817E7
20130731	5.4569637E7,5.4465204E7
20130801	5.3369962E7,5.3261431E7
20130802	3.8064536E7,3.7949861E7
20130803	2.1595789E7,2.1479421E7
20130804	4.5745254E7,4.5630463E7
20130805	4.3632203E7,4.352018E7
20130806	5.0866184E7,5.0749514E7
20130807	4.3908081E7,4.3781998E7
20130808	4.449349E7,4.4364177E7
20130809	3.3425186E7,3.3294291E7
20130810	2.0615307E7,2.0482505E7
20130811	5.5519543E7,5.5388879E7
20130812	9.4520502E7,9.4394024E7
20130813	4.8720919E7,4.8590757E7
20130814	3.0541167E7,3.039488E7
20130815	4.2421222E7,4.227128E7
20130816	4.1683536E7,4.1535972E7
20130817	1.7670519E7,1.7522875E7
20130818	5.9703092E7,5.9555804E7
20130819	1.09184209E8,1.09039743E8
20130820	5.3675509E7,5.3525266E7
20130821	3.8184446E7,3.801657E7
20130822	8.9130737E7,8.8961196E7
20130823	3.7878575E7,3.7707135E7
20130824	4.4367268E7,4.4188538E7
20130825	4.3306288E7,4.3128521E7
20130826	7.4496541E7,7.4325753E7
20130827	4.5268028E7,4.508937E7
20130828	4.6602319E7,4.6414328E7
20130829	4.7518666E7,4.7312464E7
20130830	5.6488844E7,5.6266206E7
20130831	4.7655303E7,4.7459849E7
20130901	5.6239802E7,5.6045782E7
20130902	1.40844739E8,1.40622201E8
20130903	8.050788E7,8.031406E7
20130904	3.3366708E7,3.3149101E7
20130905	3.8716505E7,3.8491932E7
20130906	3.8923186E7,3.8648043E7
20130907	3.4076183E7,3.3848786E7
20130908	3.8796909E7,3.8571047E7
20130909	4.9312473E7,4.9051334E7
20130910	9.4684143E7,9.4427415E7
20130911	9.8944459E7,9.8709145E7
20130912	6.8573684E7,6.8334304E7
20130913	7.1655946E7,7.138562E7
20130914	3.0975443E7,3.0726657E7
20130915	3.7059683E7,3.6813279E7
20130916	1.6165621E8,1.61382323E8
20130917	7.6204815E7,7.5960756E7
20130918	4.2926608E7,4.2645589E7
20130919	2.4778048E7,2.4509091E7
20130920	2.8365762E7,2.809429E7
20130921	3.240634E7,3.2133842E7
20130922	6.7514169E7,6.7243692E7
20130923	5.465816E7,5.4396879E7
20130924	7.4250859E7,7.3973408E7
20130925	4.7274168E7,4.6973702E7
20130926	6.8718693E7,6.8406175E7
20130927	4.2166121E7,4.186812E7
20130928	3.9995798E7,3.9706452E7
20130929	3.4433848E7,3.4151131E7
20130930	2.839805E7,2.8118755E7
20131001	1.9137499E7,1.8857154E7
20131002	1.1562708E7,1.1272068E7
20131003	1.0101194E7,9809448.0
20131004	1.9907689E7,1.9615445E7
20131005	2.6364686E7,2.6074038E7
20131006	3.8730653E7,3.8442637E7
20131007	4.2797733E7,4.2511148E7
20131008	1.09806912E8,1.09484867E8
20131009	7.2422299E7,7.2136946E7
20131010	7.2094613E7,7.1796476E7
20131011	8.2674757E7,8.2372594E7
20131012	8.1901136E7,8.1593823E7
20131013	7.1149981E7,7.0845311E7
20131014	1.303153E8,1.30020702E8
20131015	8.5704304E7,8.5388933E7
20131016	1.00948091E8,1.00610077E8
20131017	8.7203217E7,8.6867001E7
20131018	9.815145E7,9.7805294E7
20131019	5.3148443E7,5.2794624E7
20131020	4.7766681E7,4.7414924E7
20131021	1.0603029E8,1.05669458E8
20131022	1.45611496E8,1.45262654E8
20131023	1.06093112E8,1.05727597E8
20131024	6.953083E7,6.9158484E7
20131025	6.9936453E7,6.9558797E7
20131026	5.5752506E7,5.5373965E7
20131027	6.8007543E7,6.7634331E7
20131028	1.29993375E8,1.29632574E8
20131029	1.02050144E8,1.01671985E8
20131030	1.0966326E8,1.09262475E8
20131031	9.0926701E7,9.0518963E7
20131101	1.50904945E8,1.50490888E8
20131102	6.21323E7,6.1714348E7
20131103	6.870787E7,6.8291959E7
20131104	3.00027403E8,2.99614565E8
20131105	1.80904814E8,1.80478015E8
20131106	1.8147491E8,1.81014598E8
20131107	1.67963464E8,1.67495139E8
20131108	2.31749471E8,2.31270156E8
20131109	1.26467028E8,1.25980699E8
20131110	1.64813471E8,1.64328004E8
20131111	1.47986439E8,1.47425452E8
20131112	1.48469647E8,1.47913613E8
20131113	1.74554976E8,1.74000238E8
20131114	1.67996058E8,1.67462695E8
20131115	1.24270704E8,1.23661256E8
20131116	1.18085705E8,1.17530834E8
20131117	1.11786622E8,1.11233475E8
20131118	1.95766477E8,1.95210552E8
20131119	1.31365419E8,1.30801756E8
20131120	1.66163002E8,1.65560984E8
20131121	2.21166938E8,2.205545E8
20131122	1.28528687E8,1.27901717E8
20131123	8.9109018E7,8.8464354E7
20131124	1.02394991E8,1.01754797E8
20131125	1.47143602E8,1.46505434E8
20131126	2.58037702E8,2.57385328E8
20131127	1.34774128E8,1.34089685E8
20131128	1.39760425E8,1.39046863E8
20131129	1.22536344E8,1.21810671E8
20131130	1.16865492E8,1.16137403E8
20131201	1.37889992E8,1.37174775E8
20131202	3.45313258E8,3.44606438E8
20131203	2.68666856E8,2.67952466E8
20131204	2.19456372E8,2.18681591E8
20131205	1.90825287E8,1.90022709E8
20131206	1.52197159E8,1.51391317E8
20131207	1.38882605E8,1.38063886E8
20131208	1.24886903E8,1.24072382E8
20131209	1.74652812E8,1.73818023E8
20131210	1.79471612E8,1.78632183E8
20131211	2.39916977E8,2.39051211E8
20131212	1.40360007E8,1.3945644E8
20131213	1.6467269E8,1.63756758E8
20131214	1.29045596E8,1.28124144E8
20131215	2.05882387E8,2.04965245E8
20131216	1.96489931E8,1.9555874E8
20131217	1.93980797E8,1.930531E8
20131218	1.80215804E8,1.79244717E8
20131219	2.33631357E8,2.32618878E8
20131220	1.338674E8,1.32849845E8
20131221	1.12000779E8,1.10979622E8
20131222	1.54543217E8,1.53531785E8
20131223	1.98747367E8,1.97669761E8
20131224	3.05406334E8,3.04333324E8
20131225	3.80076148E8,3.78896458E8
20131226	2.20287409E8,2.190351E8
20131227	2.11118967E8,2.09818922E8
20131228	1.92808006E8,1.91506544E8
20131229	1.61473347E8,1.60179393E8
20131230	2.86358778E8,2.85062954E8
20131231	2.65851934E8,2.64556746E8
20140101	3.30926565E8,3.29555717E8
20140102	4.34956739E8,4.33531489E8
20140103	3.42074805E8,3.40640596E8
20140104	1.8608591E8,1.84607251E8
20140105	2.06030707E8,2.045598E8
20140106	4.42494042E8,4.41042872E8
20140107	5.89726496E8,5.8822246E8
20140108	2.6402516E8,2.62398195E8
20140109	2.80698487E8,2.79057823E8
20140110	2.37797636E8,2.36112121E8
20140111	2.43403438E8,2.41731696E8
20140112	2.28255344E8,2.26592609E8
20140113	4.4720705E8,4.45546064E8
20140114	3.56907128E8,3.55227951E8
20140115	3.91408718E8,3.89643679E8
20140116	3.74947083E8,3.73159557E8
20140117	3.45426853E8,3.43608394E8
20140118	2.33200688E8,2.31380252E8
20140119	1.85082022E8,1.83275869E8
20140120	3.35761027E8,3.33912224E8
20140121	4.12854611E8,4.11045427E8
20140122	4.98730606E8,4.96881726E8
20140123	4.81450097E8,4.79509602E8
20140124	6.14103894E8,6.1213367E8
20140125	4.40854623E8,4.38919123E8
20140126	5.2840252E8,5.26466645E8
20140127	6.57199484E8,6.55298101E8
20140128	8.43424742E8,8.41426055E8
20140129	9.52479658E8,9.50357375E8
20140130	2.27916211E8,2.25754304E8
20140131	8.7324175E7,8.5045931E7
20140201	6.4287172E7,6.1983151E7
20140202	5.7912761E7,5.5617117E7
20140203	8.4329848E7,8.2037541E7
20140204	8.3653646E7,8.1355092E7
20140205	2.0904399E8,2.06723577E8
20140206	2.27860276E8,2.25540877E8
20140207	5.78818221E8,5.76343567E8
20140208	3.58255468E8,3.55819907E8
20140209	3.41911234E8,3.39490129E8
20140210	6.4746514E8,6.45043184E8
20140211	8.18803205E8,8.1639037E8
20140212	7.6300977E8,7.60453811E8
20140213	6.26698794E8,6.24058677E8
20140214	4.90710434E8,4.88021625E8
20140215	2.55393179E8,2.52650784E8
20140216	3.31324628E8,3.28597307E8
20140217	7.0611806E8,7.03414276E8
20140218	5.93563145E8,5.90856887E8
20140219	4.08367966E8,4.05532115E8
20140220	4.78925191E8,4.76045215E8
20140221	3.53981687E8,3.51086615E8
20140222	2.82022706E8,2.7908313E8
20140223	3.37053711E8,3.34129711E8
20140224	6.56317045E8,6.53397733E8
20140225	5.63505889E8,5.60651569E8
20140226	6.80801145E8,6.77828663E8
20140227	6.72909288E8,6.69926875E8
20140228	4.28721754E8,4.25722217E8
20140301	3.6286558E8,3.59812461E8
20140302	2.7620223E8,2.73172567E8
20140303	5.05305862E8,5.02322723E8
20140304	5.2414634E8,5.21192622E8
20140305	4.54295491E8,4.51245946E8
20140306	5.6178777E8,5.58722119E8
20140307	3.80139779E8,3.77058943E8
20140308	2.43274169E8,2.40156774E8
20140309	2.44752519E8,2.41650547E8
20140310	4.97338076E8,4.94278563E8
20140311	4.30500816E8,4.27448087E8
20140312	3.77007897E8,3.73891397E8
20140313	3.4628691E8,3.43188988E8
20140314	3.15897431E8,3.128026E8
20140315	2.87407002E8,2.84310353E8
20140316	2.69387391E8,2.66319616E8
20140317	3.39008082E8,3.36026313E8
20140318	4.35479117E8,4.32490715E8
20140319	3.59014064E8,3.55963833E8
20140320	3.65011495E8,3.61964978E8
20140321	2.82351818E8,2.79298412E8
20140322	1.91700135E8,1.88663159E8
20140323	1.67456369E8,1.64431433E8
20140324	3.13180334E8,3.10195156E8
20140325	3.14345006E8,3.11396094E8
20140326	2.72935544E8,2.69973892E8
20140327	2.66231082E8,2.6330408E8
20140328	2.25966355E8,2.23056705E8
20140329	1.60250985E8,1.57359026E8
20140330	2.05533934E8,2.02657833E8
20140331	3.98884905E8,3.96026448E8
20140401	4.53320585E8,4.50478122E8
20140402	3.55347118E8,3.52449616E8
20140403	3.6387712E8,3.60958034E8
20140404	2.51895894E8,2.48968008E8
20140405	2.02336542E8,1.99391149E8
20140406	1.29477254E8,1.26550557E8
20140407	1.96936223E8,1.94021386E8
20140408	3.54770149E8,3.51854096E8
20140409	3.83347565E8,3.80410136E8
20140410	3.8656746E8,3.83627601E8
20140411	2.37829882E8,2.34895147E8
20140412	1.77642053E8,1.74695525E8
20140413	2.08172985E8,2.05239452E8
20140414	3.09853269E8,3.06943182E8
20140415	4.28681231E8,4.25805725E8
20140416	3.87847838E8,3.84939019E8
20140417	3.55792647E8,3.52880124E8
20140418	2.39300383E8,2.3637751E8
20140419	2.68729366E8,2.65789873E8
20140420	1.91259529E8,1.88336377E8
20140421	3.01134667E8,2.98219498E8
20140422	2.85248757E8,2.82350142E8
20140423	3.13677307E8,3.10757394E8
20140424	3.18358891E8,3.15468612E8
20140425	2.20927432E8,2.18042417E8
20140426	1.51625415E8,1.48727987E8
20140427	1.46837951E8,1.4395572E8
20140428	3.24937272E8,3.22059893E8
20140429	3.30607104E8,3.2775358E8
20140430	2.6009133E8,2.5719341E8
20140501	1.93045106E8,1.9017535E8
20140502	1.25336258E8,1.22453074E8
20140503	1.85094488E8,1.82203439E8
20140504	3.03087562E8,3.00180905E8
20140505	3.70924149E8,3.68099706E8
20140506	3.18002728E8,3.15096777E8
20140507	4.17327518E8,4.1446388E8
20140508	3.92838756E8,3.90000657E8
20140509	2.81479009E8,2.78616335E8
20140510	2.87240171E8,2.84388148E8
20140511	1.82424063E8,1.79585742E8
20140512	3.25108597E8,3.22293245E8
20140513	2.75241493E8,2.72439137E8
20140514	3.05474522E8,3.02621995E8
20140515	3.13367089E8,3.10522196E8
20140516	2.31967423E8,2.29109632E8
20140517	1.70983868E8,1.68161205E8
20140518	1.64419642E8,1.61609998E8
20140519	2.5907793E8,2.56179008E8
20140520	4.53955303E8,4.5105966E8
20140521	2.97799722E8,2.9488862E8
20140522	3.44636549E8,3.41774952E8
20140523	2.49546195E8,2.46693653E8
20140524	1.60073254E8,1.57281426E8
20140525	1.66943526E8,1.64165899E8
20140526	3.44890868E8,3.42134083E8
20140527	2.99049555E8,2.96280007E8
20140528	2.76134813E8,2.73325022E8
20140529	3.20549863E8,3.17800649E8
20140530	2.26547701E8,2.2370977E8
20140531	1.46823669E8,1.44080973E8
20140601	1.83489775E8,1.80762669E8
20140602	1.58219402E8,1.55516287E8
20140603	2.70887462E8,2.68143582E8
20140604	2.74460744E8,2.71682147E8
20140605	3.80042567E8,3.77223821E8
20140606	3.014139E8,2.98679366E8
20140607	1.87801995E8,1.85054361E8
20140608	3.02171269E8,2.9943627E8
20140609	3.66114374E8,3.63337491E8
20140610	3.54031597E8,3.51275811E8
20140611	3.27661453E8,3.24824312E8
20140612	3.32365185E8,3.29539251E8
20140613	2.1692377E8,2.14045806E8
20140614	1.8157453E8,1.78733395E8
20140615	1.66080126E8,1.63263976E8
20140616	3.87308484E8,3.84522342E8
20140617	2.70350693E8,2.67626738E8
20140618	3.35262709E8,3.32565225E8
20140619	3.38609087E8,3.35998519E8
20140620	2.5158253E8,2.48879061E8
20140621	1.77999186E8,1.75409451E8
20140622	1.47180819E8,1.44611888E8
20140623	2.3222767E8,2.29685312E8
20140624	2.45450766E8,2.42915326E8
20140625	2.64663201E8,2.62227341E8
20140626	2.97628039E8,2.95269783E8
20140627	2.64282703E8,2.6189538E8
20140628	1.53826161E8,1.5148288E8
20140629	1.5880154E8,1.56485272E8
20140630	3.34054112E8,3.31761678E8
20140701	3.84428753E8,3.82080337E8
20140702	3.84555819E8,3.82237475E8
20140703	2.97894643E8,2.95575412E8
20140704	2.11649838E8,2.09348291E8
20140705	1.69383796E8,1.67078182E8
20140706	1.99569025E8,1.97287738E8
20140707	2.72182847E8,2.69914951E8
20140708	2.24240103E8,2.21992553E8
20140709	2.78005555E8,2.75740766E8
20140710	2.83095921E8,2.8080894E8
20140711	2.08671021E8,2.06409952E8
20140712	1.77644343E8,1.75393033E8
20140713	1.79759885E8,1.77520917E8
20140714	2.54797524E8,2.52543988E8
20140715	3.34810012E8,3.32554408E8
20140716	3.9489014E8,3.92596651E8
20140717	2.5301128E8,2.50755039E8
20140718	2.08959595E8,2.06677714E8
20140719	2.10318023E8,2.08048192E8
20140720	1.76449304E8,1.74193562E8
20140721	3.78088594E8,3.75786236E8
20140722	2.43084133E8,2.40854173E8
20140723	2.65461894E8,2.63182434E8
20140724	2.7704448E8,2.74781793E8
20140725	1.81641088E8,1.79379699E8
20140726	1.28268053E8,1.26012255E8
20140727	1.51406251E8,1.49177264E8
20140728	3.71762756E8,3.69535407E8
20140729	2.28093046E8,2.25904582E8
20140730	2.09917272E8,2.07702516E8
20140731	1.91728916E8,1.89518581E8
20140801	3.74884735E8,3.72678958E8
20140802	1.8909213E8,1.86889349E8
20140803	1.73825397E8,1.71634865E8
20140804	3.30640884E8,3.28404472E8
20140805	3.9478087E8,3.92589715E8
20140806	2.88821016E8,2.86598298E8
20140807	2.47646474E8,2.45405658E8
20140808	2.33903717E8,2.31616935E8
20140809	1.60262764E8,1.58028887E8
20140810	2.5953487E8,2.57313208E8
20140811	3.31550471E8,3.2933137E8
20140812	2.58493673E8,2.56311879E8
20140813	2.61506619E8,2.59291103E8
20140814	2.5770266E8,2.5544613E8
20140815	2.4455162E8,2.42336052E8
20140816	2.15059736E8,2.12842047E8
20140817	1.49978271E8,1.47777403E8
20140818	2.98499146E8,2.9630868E8
20140819	2.66401973E8,2.64196458E8
20140820	3.08378692E8,3.06133606E8
20140821	2.51763517E8,2.49525712E8
20140822	2.46316056E8,2.44094164E8
20140823	1.41412027E8,1.39192764E8
20140824	1.30195484E8,1.27991522E8
20140825	3.09574223E8,3.07361141E8
20140826	3.06945089E8,3.04747497E8
20140827	3.02194801E8,2.99973007E8
20140828	2.45082751E8,2.42887647E8
20140829	2.67554713E8,2.65335172E8
20140830	1.99708772E8,1.97483663E8
20140831	2.75090213E8,2.72878511E8
report_date	0.0,0.0
